0.7247422 0.62809265 -0.44628686 -1.1230246 -0.1714887 0.86284935 -0.47813332 -1.1009024 1.9084095 -0.7716856 -0.72141886 1.3594316 0.71767855 -0.5047246 -1.234166 -1.295754 0.18186589 0.041151248 -0.2163846 -1.1284399 -2.6321232 0.11735383 0.8562348 -0.70986354 -1.067189 -1.0094161 -1.769964 1.3704946 0.46966797 0.484141 0.2587795 0.8838628 0.2647083 -0.22351785 -0.72702163 0.4710569 -0.11432327 -1.1093211 0.08672195 0.4762351 1.7675959 -0.64912087 -0.13582271 -0.6224119 -0.39270627 0.24410789 -0.18529099 -0.38973203 0.90281653 1.2947788
0.8016346 0.32195094 0.22884916 0.3371363 -1.4849634 0.10549252 0.8527531 0.17726976 0.6106621 -0.110844724 0.41689903 -0.33434907 -0.18456289 0.033730187 1.2938622 -0.51498806 -0.48148435 0.9035999 1.013588 0.42529967 -0.384029 0.6547953 -0.9563498 -0.2803874 1.1170628 -0.8714298 0.3696883 -1.1989673 0.91089547 -1.8422549 -1.1966397 1.266734 -0.32571253 0.07940111 1.1385714 -0.57336897 -0.5779107 1.7377018 -0.32859555 0.27323294 0.42327133 0.72006553 -0.6991728 -0.04296384 0.46031138 -0.03908895 0.25866425 1.6257982 -0.49940264 -1.6981481
0.65385085 1.5266976 1.3240684 1.069565 -0.07995999 -0.37433198 -0.0433829 -0.38151705 -0.2611387 -0.93986195 -2.9497278 0.19141552 1.5812955 -0.67588943 -0.18502235 1.5324318 0.6794628 0.7177144 0.48086873 -0.9093135 -1.2945544 0.92313415 1.8289169 0.67520726 0.095559135 0.63056123 0.20507565 0.047278736 -0.4312957 -0.28773674 -0.17797966 0.019890042 -0.9954878 -0.42372048 -0.5071147 -0.3700607 -0.8074516 -0.256961 -1.335257 -0.35859522 0.90634197 -0.7843536 -0.16715051 -0.017644972 -0.6972629 -0.0924361 -1.3008767 -1.7909096 0.69335425 0.17831546
0.011393511 -0.5187943 -0.0766777 1.3935603 0.17334688 -0.1638756 -0.43976495 0.37228656 -0.45061526 0.4659734 1.0615447 0.23914097 -0.9026171 -0.14909358 1.5188416 -1.4935466 -0.114112675 0.0686936 -0.6167604 -0.36711937 1.3021643 0.6383195 -0.2843846 0.56661177 1.5115223 -0.7651501 0.34455147 -0.8237758 0.8621493 -1.0598217 -0.16756473 0.15714791 -0.3568491 0.9719864 -0.21689315 -0.48009077 0.2940004 -0.27529702 0.31540015 0.62724435 -1.6118293 -0.537733 -0.0034073074 -0.7761143 -0.12010429 -1.0661469 -0.4344445 0.75783795 -1.3449253 -0.47761354
0.79845417 0.6513988 1.0545938 1.2722038 -0.8824889 -0.63448924 0.39261153 0.7685299 -0.8397684 -0.415236 -1.3789002 0.15357913 0.6610947 0.3942003 -0.072928004 0.36708125 -0.3897256 0.93334764 -0.04589191 -0.01321312 0.33536404 1.0530535 0.9860642 -0.19149609 0.73600304 0.9516787 0.3905782 -0.6045785 1.0046237 -0.70435077 -0.7297859 -0.13029854 -1.422053 -0.4018974 0.4852476 -1.0883515 -0.47330806 0.17955166 -0.25573263 -0.41647512 -1.5147655 -0.31112066 0.25859225 0.11326869 0.34079567 -0.122710414 -0.73101825 -0.08438385 -0.42822093 -2.3816636
-0.58408344 -0.7298668 -0.43814245 -0.86682194 0.7557412 -0.027080651 -0.4061903 -0.7466625 0.4511836 -0.05304978 0.1331943 -0.19388324 -0.55230606 0.57894385 -0.647039 -0.23013987 0.6031107 -1.1859603 -1.0386869 -0.8035876 -0.2578417 -0.8892368 1.52838 1.2245487 -0.7381777 0.4839438 0.05820994 1.2918807 0.09552222 0.24163106 0.3793948 -0.677828 0.14768788 0.18038417 -1.4025522 0.7503095 0.4096047 0.011790802 0.35288122 -0.48926067 0.7369975 -1.1763763 0.28247344 1.794098 0.035999484 0.34883472 0.16945066 -0.5350059 0.7875189 0.7343554
-0.5474434 0.036424424 -0.115090914 -0.7578485 -1.150112 0.06796942 -0.49544883 -0.33501285 -0.2063382 0.052763995 -0.8610851 0.108615704 0.7079969 0.6363055 -1.7602129 0.72724384 0.22759177 -0.53716683 -0.22789721 0.0071885204 0.048713177 0.4427214 1.2244196 -0.39830106 -1.0571604 1.1805452 -0.31967825 1.3324417 1.0640236 0.3807051 0.020694789 -0.47826388 -0.11482884 -0.19038588 0.21464846 0.30910495 -0.34979305 0.34065568 0.3434817 1.3202758 -0.20454293 -0.012599756 0.38174912 0.014142305 -0.3248437 0.22004549 0.35580465 -1.0910243 0.709007 0.27895316
-1.1893413 -0.45873508 -0.012638429 1.1434621 -0.55343837 -0.0912514 0.26250905 -0.21763419 0.012122989 0.53592837 0.18925667 -0.19824104 0.10423578 -0.29981226 0.22983332 0.12871048 0.09040463 0.38840827 0.5643621 0.42152947 -0.90918356 0.5691209 -0.546693 1.248923 0.6481363 0.17408948 0.4792024 -1.0441728 -0.6679699 -1.1516372 -0.37086436 0.2472643 0.57449734 0.82202476 0.6251439 -0.938137 -0.44111228 1.1359501 -0.1444616 0.098730005 -0.7433376 -1.0940306 0.26188293 0.5191533 0.106933944 -0.1000081 0.48799822 2.0324585 0.1461339 -0.6486752
-2.007203 -2.564774 -1.3899025 -0.5441539 1.3493919 -0.7016081 1.3306818 0.039538573 2.3086522 0.40287808 2.868781 -0.18351224 -1.005783 -0.90072227 0.5612403 -2.6349823 0.9649059 -0.9186634 0.2551316 -0.06914095 -1.5861077 -0.36982146 -1.129361 1.2667569 -0.033436704 -0.2241873 0.16383006 -1.1517445 -2.7236795 1.0760688 0.49804297 0.13736574 1.4185714 0.52628136 1.8126872 0.90934914 0.33753666 0.60610574 -0.20663156 -0.053789157 0.21021008 0.4397496 -0.7436457 -0.8570622 0.7560461 0.3586106 1.5902237 1.7548304 -1.5637416 1.0990875
-0.0993029 1.271408 1.8728325 2.1381354 -0.31920844 -1.6525353 1.4489996 0.7907999 -0.51349545 -0.47152495 -1.6764799 -0.85001343 0.21975319 -0.277936 0.9878042 1.6539625 0.554337 -0.6452322 0.16700475 0.14476752 0.92106473 -0.59932435 -2.3564262 1.8412861 1.5084273 1.4943779 1.4412467 0.40138766 -0.29813525 -2.1197016 -1.048353 -0.94347024 -0.06930945 -0.19954364 0.9615752 -0.33371207 -0.75005007 -0.27525672 0.0903917 -0.22423038 -1.6254092 -2.345368 1.0952078 1.2826172 -0.3179074 -0.75718933 -1.755779 -2.4346015 0.1661904 0.001724144
-1.9564002 1.2851291 0.54181004 -0.38487428 0.920389 1.986292 -1.4279195 -0.35103095 -1.0386226 1.5596459 0.3149214 0.5813236 -0.842624 -1.2191032 -0.35671386 2.454202 0.500749 -1.478366 -0.05595393 0.5462141 1.3542341 -0.31282958 -1.525852 0.8844323 -0.23183101 -0.097121686 0.684557 -2.2159288 -0.28854185 -0.37893143 0.09413758 1.8805177 -1.2118447 1.076602 -0.56964284 0.56931543 0.718194 -0.15817457 -0.060128458 -2.353786 2.4185195 1.0535873 -0.7999033 -1.9610869 0.85734975 -0.9436835 -3.02639 -0.07737267 1.808462 0.9586403
0.029858638 0.111256786 -0.88599813 -0.24897948 -1.1930026 1.1666465 0.8107264 -0.4306475 -0.2734026 -0.12600403 0.3912278 0.3510684 -0.60796565 1.6818268 -2.1024978 1.621683 0.12852196 -1.2705367 -0.74182147 0.16264886 0.4258166 0.7133856 -0.5818098 1.2945678 1.575163 0.9226243 -1.9525962 -0.6570953 -1.8370533 4.278206 -0.8325321 -1.3380487 -2.6174953 0.8328275 1.0763923 0.38384387 1.1025071 -0.22431983 -0.5491099 0.704779 -1.9579219 -1.322693 -1.1915146 0.7578716 -2.0704968 -1.0109416 0.81718993 2.0514562 -5.3639774 0.94303733
-5.4254065 -6.172221 7.208977 1.3848977 -1.5133005 -7.33432 4.165281 7.840353 -11.833513 2.2562783 3.2635837 -1.6656073 -3.3720305 1.2801932 -2.2681444 0.1585954 -1.0833293 -1.1986413 0.3335597 4.189431 -2.4381993 -0.0932812 0.54478127 -2.9685347 -3.7383945 2.4177282 3.6856625 0.84351563 1.7694343 -3.891534 2.0141737 -0.3503743 -16.699074 13.25765 -3.686854 -9.157023 2.8181846 5.269649 -5.9125996 -1.5092043 6.875525 -7.9273124 5.961724 -0.05196796 6.088622 2.9922054 3.4354942 -1.5718914 -3.0222201 -1.187122
-0.9923244 -4.901144 -1.2154782 -1.3349359 0.26937765 -3.2406907 0.68937904 1.3929257 0.27979842 -1.3931395 1.0989944 1.2120568 0.32117093 1.583529 -1.1070738 1.1524603 1.4572412 -1.4171846 -1.259752 -1.2804475 1.9913858 0.79844177 -0.9242999 3.7733657 2.6369312 -2.3372312 -1.7001257 0.3259053 0.26005572 1.9678177 0.06427005 -2.0243788 -1.1465262 -2.4115138 -0.63364697 2.168519 -1.1510885 -1.1533403 1.4754763 2.8251112 0.45597178 2.1463165 -1.439653 -1.4082655 -1.4071287 -1.1187806 1.5155469 3.8456695 -5.1018357 1.9794663
-0.76519924 -3.3759944 -0.07047541 -0.97429913 -0.15110573 -1.823385 0.9414439 0.96311545 -1.1860546 -0.95000446 1.0805451 0.03124728 0.545848 1.2390083 0.58883494 1.7267386 1.1351128 -0.63728243 -0.718864 -1.0721233 1.2046648 -0.4412503 -1.3392594 1.6906321 1.8130709 -2.6384754 -0.43161717 0.13228936 -0.15961123 0.13252397 -0.16288167 -0.35282764 -0.048000846 -1.6684852 0.21038167 1.4528182 0.01722963 -0.29589546 1.4462332 1.6626993 -1.0072771 1.22437 -1.9558164 -0.96327955 -1.0989388 -1.6794587 0.69687575 1.5978353 -3.2764494 2.0671444
-0.0025400745 0.16541573 -0.5900538 -0.40371534 0.29931086 1.5620142 -0.07633862 -0.80702186 -0.612918 -0.020097258 0.90858436 0.07202247 -0.55428547 1.1189524 -0.7285273 1.1657904 0.09849478 -0.9711598 -0.67080224 -0.2553571 0.86792666 -0.40608054 -0.79638743 1.3343174 0.34504852 -0.42583123 -0.13605422 0.2541397 -0.5648687 0.033825327 0.2384356 -0.24750723 0.5725386 0.14870958 1.328841 -0.13556492 -0.2074466 -0.20284945 0.68382704 0.64781094 -0.8699765 -0.06782932 -1.6669601 -0.33729917 -0.82641387 -0.08419883 -0.08614083 1.8561733 -2.1113043 0.5434003
0.74208444 3.6479466 -0.8724742 -0.40666682 -1.7127506 2.3827095 -2.1130323 -1.5011019 -0.24264619 0.4174152 0.61815566 0.47589138 -0.9683624 1.0580429 -2.2884552 1.3738022 -0.33995277 -1.6015261 -0.7722942 1.0972446 -0.02757308 -0.60856336 -1.1256765 1.318823 -0.1970744 1.5710413 -0.73785806 0.41213775 -2.7893968 2.8052318 1.2089528 -1.5829871 -0.118273474 2.2481892 2.6666837 -1.583413 1.796537 0.6979932 -1.0999091 1.2971227 -1.9865412 -0.54770905 -0.18355875 1.798818 -5.005815 -0.6103849 0.8085187 -2.674756 -4.5447054 1.225662
-0.5082271 -0.2889586 -0.04754565 -0.61411375 0.19783165 0.097706065 0.054212533 -0.13897519 -0.2937906 -9.722931e-05 0.6359304 0.22902223 -0.40697068 0.52525765 -0.5866253 0.46241367 0.46948493 -1.3407326 -0.51961637 -0.19921184 0.99454176 -0.41410574 -1.1264254 0.92311656 0.35792655 -0.12237212 0.16614783 0.8222005 -0.24228066 0.34070206 -0.22316638 -0.5272086 -0.6246429 0.68630373 0.9540967 -0.0038774791 -0.03447204 -0.41039214 0.43689784 1.7249506 1.0601987 0.34154475 -0.5360563 -0.8077941 -0.72450775 0.17389973 0.61767644 0.61550546 -2.1483314 1.731752
-0.33070168 -0.06403665 0.06799937 0.026059706 -0.23333491 -0.26773992 0.026030425 0.06582798 0.70138127 0.1165436 -0.14203776 0.28590792 -0.17768513 -0.13985932 -0.36030242 0.13485527 0.07266645 -0.23102854 -0.08403635 0.05415028 0.12482883 -0.034412973 -0.06955921 0.23239048 0.047330398 0.06896691 -0.019533608 -0.078452505 -0.026597181 0.2517116 -0.13183932 -0.1754681 -0.7156533 0.23624402 0.1987783 -0.1676181 0.14234458 0.17800474 0.03621601 -0.27735272 -0.08460793 -0.07215811 -0.044172652 -0.34451568 -0.4636307 -0.04937882 0.5204564 -0.36557674 0.03894614 0.6531222
-5.070176 -9.603006 2.239247 -1.4450564 1.3210014 -4.37056 3.3055933 4.486406 -5.331676 0.38786614 3.248956 0.80168575 -2.6405954 3.8454657 -3.626509 3.66318 -1.198196 -2.2376366 -2.2850614 1.8006032 4.782002 -0.8435929 -3.4935293 1.2187712 2.3337274 -2.8569648 -0.057080675 1.2856772 1.9883331 1.3322172 0.66203254 -6.1934166 -12.765468 4.8298283 -4.0110264 -1.6506677 0.70418686 -0.12066237 -0.39916414 2.068576 3.942308 -3.0605412 -0.91087925 -0.12596473 1.3820803 1.8336527 2.702354 9.884318 -8.6749325 3.9693735
0.4135674 1.5436553 -0.58475536 -0.1689437 0.028904948 0.7340531 -1.0971569 -0.6823739 0.94411755 0.104748465 -0.46200508 0.1956678 0.00049122045 -0.47234362 -0.2927789 0.7341237 0.30435678 -0.60224295 -0.12124867 -0.05584677 0.36755493 -0.15409504 -0.24916154 0.4294399 0.30673632 0.23911892 -0.4462414 -0.11236791 -1.0710517 1.7023039 0.2009351 -0.5370235 -0.034314983 0.5975682 0.31471008 0.10008732 1.0252079 -0.121234685 -0.14700502 -0.63967264 -0.87884915 0.46211904 -0.108410984 0.21051191 -2.1533532 -0.60726404 0.31104994 -0.33105433 0.23368531 1.1384946
-2.6604233 -3.1857314 1.0947397 -0.2755982 0.6773656 -1.2291056 1.5134345 1.6837871 -2.659975 0.2743309 1.41128 0.4287105 -1.5205151 2.390891 -3.474675 1.6331714 -0.40925217 -2.0227268 -1.0462271 1.1582355 2.028716 -0.34446985 -2.2124076 0.5800061 1.0740787 0.20957129 -0.4288505 1.27571 0.52281576 1.747618 -0.4148174 -3.3023698 -6.6084538 3.644719 0.108902276 -1.4388473 0.7042786 0.54782146 -0.33161178 2.2226586 1.1233053 -1.6859989 0.40492675 0.036393967 -0.50497997 0.28084835 2.015342 4.185707 -4.5657067 1.110863
-0.15928939 0.216544 -0.5718206 0.18556064 -1.8757416 1.0927694 1.0967548 -0.44207716 -0.20657012 0.20794836 -0.21586856 0.41881147 -0.6330984 1.5448043 -2.2498875 1.7549306 -0.22305843 -1.1196402 -1.0344019 0.19577011 0.33748704 0.5656463 0.29112273 0.85799986 1.0579935 1.4562572 -1.4494787 -0.7425714 -1.6959305 3.9094124 -0.7574964 -1.2061778 -2.17577 0.47755697 1.2742407 0.23554821 0.6908163 -0.44215113 -0.2594557 0.51620704 -1.9019842 -1.007055 -1.5389284 0.49176204 -1.0288678 -0.23679182 0.3375704 1.5150465 -6.038358 0.73198307
2.2349594 3.837727 -1.8211242 -1.1275189 -3.7145858 6.1754155 -0.2847397 -3.5509198 -2.0231984 -1.1499847 0.35316417 0.16456291 -1.2517034 4.646889 -4.4319572 2.9904227 -0.82525355 -1.7468523 -1.3345112 0.47440583 -0.17876641 -0.43111527 -0.9026537 2.3486037 1.1365141 2.3328748 -2.9712906 -0.12800607 -2.7567225 5.1864543 -0.09622791 -2.1816354 -1.3725697 -0.56352985 3.5024662 -0.6556497 -0.69863933 -0.7853143 0.63668704 0.620592 -3.4072495 -1.6308936 -4.2038016 0.9727665 -2.2949407 0.7512455 -0.9200277 2.7881954 -10.740168 0.6471756
-0.0006945746 0.2826029 -0.109932326 -0.059573926 0.051364876 0.039485894 -0.2663434 -0.0530247 0.022704037 0.039463267 0.01247481 0.12217201 0.030371534 0.0068184263 -0.088501364 0.2951422 0.1372957 -0.3016652 -0.1880491 -0.101719275 0.27206406 -0.13067432 -0.09442721 0.11994744 0.035091624 0.032972164 0.06215235 -0.029837377 -0.21417682 0.26421925 0.026141856 0.011456991 0.07197359 -0.011777135 0.1849327 0.06843889 0.11717178 -0.086826645 0.1118753 0.02062097 0.07708353 0.30086106 -0.17487444 -0.19416834 -0.2343041 -0.020984393 0.12306912 -0.016262127 -0.16862537 0.34059486
-0.49271786 -0.7586585 0.11239515 -0.25479338 0.04652284 -0.20124704 0.18097226 0.41016585 -0.33859536 0.03277122 0.27353474 0.21577995 -0.2883994 0.41430098 -0.581775 1.1183054 0.034557346 -0.5511177 -0.47836244 0.016907418 0.64749527 -0.16785172 -0.43701598 0.24099837 0.52198535 -0.28631976 -0.24857366 -0.1992236 -0.7542408 1.3373094 0.27968523 -0.82440495 -1.6551961 0.84898096 -0.41202733 -0.093396954 0.78239805 -0.18633124 -0.1519808 0.03788868 -0.32094482 -0.13057682 -0.37906894 -0.26134244 -0.4368876 -0.1648792 0.5013625 1.1541958 -1.8110174 1.3470635
-0.1343586 -0.5154173 -0.57340735 0.065512665 0.3004767 0.10509049 0.25837108 -0.028217014 0.34629145 -0.06098998 0.45837393 0.22774486 -0.18504098 0.54605556 -0.45943618 0.7430253 0.16521768 -0.44692913 -0.36826628 -0.059296362 0.5947341 0.36132443 -0.3211606 1.1416817 0.6566335 -0.45113015 -0.41525215 -0.013692922 -0.44982895 0.6191048 0.03163748 -0.5843246 0.22786406 -0.22054063 0.09421764 0.42257 -0.04307752 0.043262023 0.056252558 -0.13060834 -0.6797901 -0.062431872 -0.5928191 -0.14618634 -0.011022761 -0.04043611 0.25849214 0.750066 -0.47016382 0.16597618
8.057876 5.462103 -3.0384119 -1.4968164 -0.43459678 6.747606 -0.21779798 -4.740949 9.035973 -3.990129 -1.7271061 0.9148551 2.751943 -0.9089708 4.2080936 -2.3395493 1.5962175 1.9728109 0.9042641 -5.1574073 -0.45230842 2.9835072 0.05837984 0.5408051 4.033913 -1.5706193 -4.144424 -2.106104 0.26752228 1.2729839 -2.99121 5.1641383 16.810051 -13.222383 4.625961 7.420229 -4.5315495 -1.1287012 2.3853843 5.006749 -3.4256854 6.852637 -3.8978808 2.5061543 -4.863248 -3.0902689 -5.505595 2.5767508 2.306951 -5.048232
1.6903439 1.4063656 -2.3342361 -0.5163148 0.91341525 3.8013132 -0.023411807 -2.4349487 0.9535545 -1.5427278 0.38470885 0.61141866 0.54932266 2.730152 -2.1882555 2.0054042 0.125934 -1.141262 -0.42213514 -0.7860414 3.1592937 1.1494716 -3.1881843 3.168495 3.474664 -0.7507101 -2.5358784 0.6211734 -0.6665935 2.8585155 -1.4041427 -2.0438175 3.6671085 -3.67638 4.008317 2.2696981 -1.8361005 -0.7686036 1.2953179 4.8473577 -2.8717966 2.5276036 -2.8363519 -0.084551156 -4.912243 -1.5331947 -0.4222876 5.4223948 -3.8771386 0.5874847
-1.7406858 -5.202263 0.35201675 -1.3222898 0.35012394 -3.18547 1.1742374 2.1500282 -0.30888236 -0.6407028 1.4526396 1.0295349 -0.5635682 0.8524078 -0.6993341 1.159773 0.70768774 -1.3549863 -1.3426585 -0.43756783 2.0646617 0.088049255 -1.3816514 1.829545 1.3690097 -1.8546363 -0.3066179 0.38593253 0.74339205 0.79604733 0.5676467 -1.8958194 -3.1049511 -0.50931275 -1.6357836 0.5344942 -0.1601987 -0.33208302 -0.0002543219 0.8986922 1.3917913 0.27236608 -0.18395609 -0.7950965 0.43491325 0.18841793 1.3575263 3.149191 -3.6044073 2.57001
-0.11877565 -0.08975093 -0.111501016 0.02133622 0.0888037 0.089654505 0.0027381622 -0.085014194 0.13843031 0.00496728 0.057853945 0.11027619 -0.015299536 0.09047302 -0.12906918 0.006507422 -0.032354064 -0.018656591 -0.12591466 -0.07905723 0.14406057 0.0393997 0.08231927 0.13644762 0.028475024 -0.07194862 0.00050363626 -0.09042444 0.080008075 -0.053862266 -0.050235286 -0.021776263 -0.16957727 -0.056969285 0.057096276 0.030452562 -0.03633853 0.034940723 0.06282881 0.009969981 -0.18281384 -0.072270386 -0.11336095 -0.08858862 -0.1031114 0.014287877 0.17309566 0.14757976 0.002550645 0.08888417
0.13726966 -3.2877848 -4.031779 -3.020213 -2.1478984 -1.4222226 0.047544826 0.17518649 5.982261 -0.46365306 2.7225509 3.6707764 2.4688725 2.860539 0.24184413 2.5233638 -3.2975721 2.6226156 -4.0246377 -1.3322283 1.5124981 -1.7584914 1.5567776 -2.228426 -4.243694 -4.7373233 0.8245189 -4.0252657 1.2389771 -6.13397 5.385354 2.301182 0.56726736 -4.607575 -1.5565666 -0.66764975 -2.9987085 0.332625 0.8122846 -1.2454361 1.4872766 -2.6141093 -3.1783142 -0.60534304 9.214978 4.354621 1.175923 8.080226 -0.73280627 0.3716008
0.08947482 0.07134624 -0.73632 -0.070387 0.008351351 0.054532453 -0.099296585 -0.17389044 1.1696259 -0.12277045 -0.09228288 0.27299362 0.019166915 -0.0006272469 -0.18734677 0.5468106 0.20602676 -0.128293 0.22108749 0.2338327 0.049478877 0.41473135 -0.6716056 0.80954397 1.2338332 -0.23844509 -0.8626465 -0.3093918 -0.924836 1.867383 -0.65202016 -0.8784989 -1.1352719 0.27889508 -0.7879416 0.6648321 0.59553975 -0.11012918 -0.2595362 0.16857907 -0.46960014 -0.054242544 0.36371306 0.60262287 -1.2570506 -0.6449929 0.5584999 0.37496284 -0.27364513 0.3667472
0.10345758 -0.06406996 -0.9746405 -0.6012581 0.9701791 1.0233355 -0.60987747 -0.6248346 -0.21431324 -0.61018497 0.92138666 0.35400984 0.27575627 1.1717048 -0.8059454 0.43387255 -0.1510688 -0.10912087 -0.45899332 -0.34686825 0.7803412 -0.2692556 -0.78400356 0.3866881 0.09634576 -0.7934627 -0.21052402 -0.2649513 0.15948446 -0.2762424 0.2621261 -0.009763114 -0.37684026 -0.72807574 0.39493042 0.10855015 -0.20301878 -0.09517132 0.47296578 0.063123725 -1.3340106 -0.21560667 -0.80584776 -0.64329326 -0.23791985 -0.14398247 0.748655 1.2607701 0.22491376 0.5599745
3.084901 4.281007 -2.4534762 -0.7719551 -0.6491334 6.148712 -1.1082371 -3.870024 0.86063844 -1.1807581 0.8727588 0.10468907 -0.33560205 2.8910904 -1.7000773 1.7328947 -0.83120537 -0.9117014 -0.19829884 0.2987421 1.8023921 -0.40529454 -3.596007 2.7445278 2.1330109 0.35247204 -1.87248 1.2268307 -2.2085614 2.1817997 0.01669288 -2.229509 5.059521 -2.4450195 4.873371 0.37014583 -0.8532003 -0.1686011 0.7525501 3.0839837 -3.7234914 0.8710422 -3.0077846 1.3250319 -5.061144 -0.37553713 -1.0875874 2.2040436 -4.912953 0.27703142
1.0821315 5.9003468 1.1478155 0.055477057 -2.1278906 1.995625 -2.129681 -2.5934749 -3.2953455 -0.28852504 -3.2714899 -2.1059515 1.9831059 -0.2775081 0.862738 -0.82778466 0.12011959 0.26568407 1.3133476 0.24204902 -1.7843362 -2.4966927 0.21850127 -1.6828475 -0.85344344 1.6747227 0.8227034 2.8175845 0.39443567 0.20280343 -2.0374353 0.2182586 -2.4974763 4.111254 0.7694529 -2.939507 1.1081191 -1.3453064 2.579662 1.109512 -3.791574 -0.8281531 -1.2823051 -1.3205144 -3.5809262 1.6681392 0.48793188 -3.4231224 -0.36630374 2.8521364
-0.21960637 -0.46102735 -0.15492485 -0.032673363 -0.09912585 -0.3044028 0.06216521 0.11963972 0.68529993 -0.039752133 -0.21132651 0.25728953 0.09947581 -0.13959956 -0.14451958 0.27388936 0.16301443 -0.04626014 -0.12011075 -0.17526886 0.0051012384 0.16658148 0.1372612 0.30753142 0.40930986 -0.085469626 -0.3297081 -0.33133686 -0.3692124 0.80367243 -0.15675408 -0.19659209 -0.620521 0.09427182 -0.14829415 -0.033981703 0.18403275 -0.013217666 0.16240439 0.10277268 -0.5039001 0.14070685 0.0013345085 0.19621603 -0.73803073 -0.3305524 0.18110138 0.029241785 -0.25366515 0.28715456
0.15295513 0.6988911 0.7950592 0.10584978 -0.51288134 -0.10839618 -0.24554773 -0.10197216 1.1712335 -0.574664 -0.25682443 0.8713394 -0.34941295 0.35862112 -0.66177344 -0.23004773 -0.05996565 0.17228822 0.26207858 -0.109745555 -0.30628505 -0.04945543 -0.6498971 0.09381843 0.13958204 0.1797116 -0.632041 -0.62507266 1.3415655 -0.7659472 -0.08007378 0.36711186 -0.29976517 0.07764845 -0.7365389 -1.0761331 -0.5012026 0.7589609 -0.21785498 0.116570204 0.2940466 -0.5215048 1.5645303 -0.49230447 -0.55056757 -0.95176876 0.5812255 -0.5985339 -0.27669412 1.9084319
0.64029425 -0.108510226 0.15420638 0.21579742 -0.74522024 -1.6807956 1.5897595 0.5485271 0.4334354 -1.1096683 -0.69181156 1.2802345 3.2623763 1.0929404 0.6294486 1.2771478 -0.5614824 2.347466 -0.1913879 -0.86298853 0.5984879 1.2942023 -0.51041955 0.11200074 0.98762345 -2.1175022 -0.43732047 -1.8917382 0.90899605 -1.5799533 -1.2088815 1.2635272 -2.009736 -1.4945244 0.14140227 0.062358815 0.35873738 -1.200359 -1.3211907 0.07125957 -1.7865458 -0.91685367 0.34272698 -0.66749763 -0.5513942 -1.0458826 1.1277995 2.4127395 1.1428905 -4.074533
-0.20687133 -0.07796152 0.097407945 1.2992796 -0.17554498 1.7210883 -0.5209635 -0.34079424 -0.94085336 1.0615615 -0.90049946 -0.21406856 -1.6801019 -0.4057768 -1.3923744 -1.2334427 -1.04442 0.677161 0.038064387 1.0119956 -1.2473497 -0.4756086 2.7383435 -0.11405116 -1.624959 2.1086128 0.19048157 -0.34025654 -0.88252765 0.85275036 0.39213875 0.013736798 0.10456132 -0.17469752 0.06832857 -1.2088746 -0.25788286 -0.1402959 2.353614 -1.1104493 0.51229626 0.7000982 0.8376201 -0.4255966 1.527566 0.46228775 0.60962486 -2.173754 0.57206666 -0.38218135
-0.19037886 0.11969632 -0.100870274 0.46596563 -0.7265556 0.042642355 -0.04892948 -0.24601986 0.08337616 0.261734 -1.5582865 -0.058287244 0.9952608 0.080930494 -0.67528176 1.4842138 -0.44804993 0.6126286 0.39773917 0.5230723 -0.47436607 0.68895453 0.69853055 -0.23054786 0.4423211 -0.06908535 0.20555784 0.5649017 0.6614118 -0.54168844 -0.98588526 -0.4866869 -0.20565087 -0.4700717 0.5953744 0.04464253 0.2738454 1.2161657 0.09943639 -0.3584373 -0.8687066 -0.21334822 -1.0071896 0.5096839 -0.22213896 -0.051906377 -0.17610535 -1.8984808 0.15444657 0.034208003
-0.40260208 0.16698788 0.18131346 -0.5221917 0.23590143 -0.79555243 -0.88311386 -0.45478466 1.3564755 -0.2842329 -0.18163759 1.1587757 -0.5694425 0.19561471 -1.4921567 -0.41347978 -0.0149313975 0.16204599 0.13729848 0.5493922 -0.715912 -0.5696385 0.5307846 1.0073458 -0.7180476 1.2656142 0.63430846 1.1446089 -0.18323411 -0.09504317 0.119990274 -1.4479395 1.1724892 0.21313182 -0.47175816 -0.9288241 -1.224864 -1.2566631 -0.5758103 0.79598826 0.80710346 0.38066307 0.28861615 0.64306235 -0.056360077 1.8048904 0.6106054 -0.6604485 -0.48957002 -0.34683648
-0.49052072 -2.0672123 -0.45825386 -4.1794677 1.3003812 1.4834528 -1.4877558 -0.5646491 1.1370555 0.19588642 0.7743824 1.1476402 -0.22099736 -1.9474511 -2.678098 -2.551119 0.59145665 -1.5592954 -0.13698776 0.24776725 -2.7808838 -1.4583172 0.8724906 -2.8042588 -3.891274 0.49611026 -1.2404187 2.6927195 -0.49797666 3.7739143 1.468285 1.2089696 1.4003435 -0.0736387 -1.8642405 0.33814755 1.3532403 -1.5548337 1.387749 -0.6783327 3.5483804 3.423254 0.54821825 0.20071368 -0.73266417 2.80652 1.9575912 -0.7104654 2.8562865 3.8565385
0.17308131 3.1746242 1.0020514 0.8126199 1.2516509 0.885411 -1.5558687 -0.21490046 -1.6419268 0.91383296 -1.7645415 -0.13086407 0.35767716 -1.1972651 -0.59472954 1.9652313 0.58637816 -0.9507581 -0.5502244 -0.5227157 0.17547376 0.1521105 1.8112472 -0.2798923 -0.6269269 0.6644462 0.26255003 -0.013642388 -1.1342372 1.6268743 0.6965909 0.22675057 -0.7354961 2.4101737 0.60138065 -1.2323217 2.000652 -0.669746 -0.21305262 -0.60658413 -1.1318747 1.2635608 -0.3669324 -0.36736482 -2.8436706 -1.5634938 -0.411472 -2.1730595 -1.1271857 2.1347892
-2.5172057 -2.242813 -1.0973991 -1.097799 1.498942 -1.3011249 -0.10552756 0.6320908 2.6739516 2.060272 1.9279913 -0.9233126 -2.5634472 -2.7062576 0.5385371 -1.1682686 0.15320738 -1.6164006 0.65807337 2.3470166 1.322436 -2.1348763 -2.1301074 -1.1483778 -1.9471759 0.88106966 1.193685 1.6955835 -2.3801124 2.2966464 0.80028 -1.6714184 2.3832479 0.46855676 -1.0349537 2.059388 0.108255416 -1.3805026 1.3408217 0.08215555 -1.8047756 1.1400714 -0.68458325 -0.11693077 -0.052680198 1.6972734 0.8887104 -4.121973 0.7386199 6.3685794
-0.04256214 -0.17539455 -1.5075625 -0.43216136 1.0769337 0.5880856 -0.68710583 -0.3802207 0.65542674 -0.17819366 -0.0454414 0.8717315 0.6068674 0.3288507 -0.8535872 1.8350557 0.6297604 -0.9677678 -0.75537956 -0.60504234 1.3549433 0.16258052 -0.76575965 1.060641 1.1422944 -0.9043659 -0.65530795 -0.7833597 -1.4938692 2.252929 -0.6796531 0.043851677 -0.25602692 -0.99881154 0.21807185 1.5496156 0.573735 -0.8769901 0.8118016 0.2340318 -0.9994587 0.7661152 -1.0241625 -0.88761103 -1.5395049 -0.5805845 1.3877964 1.1892289 -0.65208864 2.4395123
-0.16954835 -0.35057592 -0.01782138 -0.055583384 0.048090495 0.06891251 0.19253872 0.04621931 0.25365293 -0.0781762 0.16558771 0.25915387 -0.057106458 0.17736661 -0.31901178 0.3334374 0.018855698 -0.06784905 -0.27696967 -0.1909416 0.15892415 0.004663447 0.038808007 0.14184241 -0.117510736 -0.17356433 -0.05625036 -0.3410072 -0.205918 0.13934484 0.21131445 0.0937326 -0.090422355 -0.4339448 0.14266704 0.042074814 -0.014582084 -0.053010404 -0.055459306 -0.22105625 -0.37741813 0.08071106 -0.10319238 -0.4748236 0.08185083 -0.12779617 0.21430005 0.030279193 0.059926488 0.22749053
-0.0929665 0.5730793 0.012700165 0.11135629 0.4078104 0.0708871 -0.29322907 -0.028806413 0.36677876 0.2154441 -0.17360166 0.14905027 -0.0038634273 -0.25910914 -0.07324303 0.45800805 0.1417148 -0.32250482 -0.30523342 -0.2105527 0.18880968 -0.04028048 0.27916718 -0.04390333 -0.06419723 0.02339421 0.05957902 -0.10202296 -0.4993181 0.57852316 0.14042565 -0.003099978 -0.2799787 0.57986754 -0.07228779 -0.16442202 0.5264192 -0.0931414 -0.11218488 -0.20408121 -0.5796974 0.15041077 0.022500504 -0.14460497 -0.27266407 -0.22758609 0.12576534 -0.41039556 -0.024023911 0.6239589
0.049131047 -0.21057583 -0.46156555 -0.013677068 0.5880938 0.19160278 -0.20414427 0.08231461 0.07922548 -0.06971875 0.053942155 0.15898989 0.047287732 -0.11907657 -0.10712555 0.42551687 0.24051993 -0.22441837 -0.031161755 -0.056962274 0.24275105 0.20885462 -0.28069574 0.18490756 0.5161248 -0.1907687 -0.32748976 -0.41139647 -0.75054014 1.0760313 -0.20337051 -0.0028238997 -0.07026696 -0.22943193 -0.3251071 0.6511655 0.40492055 -0.013356876 0.0045416933 -0.13047548 -0.21247333 0.12408509 0.044268228 -0.005678064 -0.362212 -0.2639345 0.4687935 0.4030081 0.124793276 0.8070406
-2.8777683 -3.8162386 0.6949195 1.261044 0.3657683 -0.96446705 3.6290956 0.1910211 0.61631274 -0.48999178 1.1790192 0.9315505 -0.12404492 3.0530238 -3.2824297 0.42849404 -0.84865016 -0.4089553 -1.7778599 -0.63750064 3.331306 0.011793491 -1.2691472 0.5035711 -0.9118422 -0.004184069 1.177847 0.8600865 2.2852013 -2.7594118 0.9216559 -1.9026518 4.6613226 -5.129988 5.163157 0.5552912 -1.7586704 -0.3033246 0.41320813 1.065771 -5.641652 -0.6368446 -3.0251584 -5.8695216 3.8592618 1.1331182 1.3909606 -2.1071284 -2.606521 3.028144
-0.5746488 -0.21784014 -0.66301376 0.112490535 0.92145824 0.39087906 -0.41544843 -0.32383758 0.024379333 -0.16913368 0.2168354 0.9197415 0.10175801 1.3521117 -2.065662 1.336402 -0.30929577 -0.58266914 -1.1996999 -0.3979295 1.5653981 0.025737505 0.07085495 0.58141625 0.019157084 -0.33396983 -0.09775669 -0.006336846 0.27512345 0.14937732 0.5746081 -1.062139 0.027275736 -1.4659246 0.85373926 0.8708856 -0.23113196 -0.27222678 0.36080912 0.45115733 -1.41352 0.18761653 -1.0385065 -1.2843385 -0.35797533 -0.23367982 0.8001825 1.2567779 -1.6155301 1.3220627
-0.08893095 0.037285972 -0.30473474 -0.11722718 0.19700444 0.10194419 -0.28802463 -0.1499016 0.23775016 -0.075901546 -0.008274524 0.32370943 0.21338153 0.29036382 -0.38374633 0.38983595 -0.048530117 -0.08701104 -0.3504575 -0.18963985 0.39772445 -0.07204846 0.032382295 0.102570176 0.054838438 -0.22685495 -0.011762264 -0.16170304 0.08998152 0.060103115 -0.0142867565 -0.06703855 -0.2926877 -0.32117578 -0.048915636 0.18144615 -0.0036407341 -0.22106306 0.24500799 0.02237108 -0.4554442 0.09108589 -0.22574294 -0.26031274 -0.15479586 -0.032037508 0.29501677 0.204829 -0.16270825 0.43387446
-0.23125155 0.03725035 -0.24129432 0.030784898 -0.5881484 -0.08293029 0.12266576 -0.12338734 0.28400066 0.056689467 -0.014623904 0.3990362 -0.05968722 0.55201536 -0.7563622 0.6324991 -0.06211419 -0.36542326 -0.39583954 -0.011396909 0.41294432 0.110665515 -0.08197229 0.62744784 0.18622078 -0.037377425 -0.1664077 -0.1311285 0.061625898 0.22077948 -0.17263308 -0.25304827 -0.3595175 -0.2186658 0.7656542 -0.08934921 -0.39860126 0.02514808 0.22746646 0.42005047 -0.36121175 0.06091369 -0.7112042 -0.5368975 -0.25114867 0.08823067 0.41014898 0.36262238 -1.489925 0.33530235
-0.14592162 -0.3593346 0.11563694 -0.009907774 -0.11097911 -0.047599502 0.3244905 0.14180247 0.29537246 0.086395375 0.18533114 0.14358886 -0.1981924 0.15456584 -0.17424291 0.34066692 -0.07151593 -0.1963329 -0.23511352 -0.061778393 0.29344812 -0.08301124 -0.21280247 0.02750648 -0.09489843 -0.040877614 0.12515672 0.15398392 -0.02087914 -0.19126987 0.16198233 -0.032217972 0.52953166 -0.42847237 0.50987107 0.081326336 -0.07217837 -0.025791004 0.029180327 -0.03422771 -0.2639556 -0.043240342 -0.392306 -0.123067 0.09530405 0.04948147 -0.22136082 0.07611151 -0.26724368 -0.21118584
-2.5831366 -4.3407125 0.30184725 0.7889039 -0.5708936 -0.95186275 3.5757222 0.38243696 -0.009647646 -0.5701489 0.9301132 1.0282505 -0.0057209022 3.250218 -3.5789194 1.9244934 -0.6508158 -0.6323765 -2.2701628 -0.94036955 2.783086 -0.26621208 -1.0296876 0.9275889 -0.81075454 -0.7589123 0.57912534 1.4077561 1.1598765 -1.8783166 1.4518039 -2.2109914 4.2950726 -5.8415704 5.453333 1.2504973 -1.6387568 -0.64503264 1.552254 1.8715159 -5.6087866 -0.44226724 -4.1335654 -5.913494 3.1161232 0.53287303 1.2665765 -0.44319856 -4.907765 3.4673986
-0.3852326 -0.37071654 -0.1336099 0.036451347 -0.008241964 -0.1739 0.17065167 0.0033629064 0.32413456 0.032364536 -0.09882913 0.16604105 0.21724178 0.13579294 -0.30596745 0.35180086 0.01785247 -0.010727124 -0.22306614 -0.09558178 0.24259809 -0.009720364 0.060973916 0.117456585 -0.010642525 -0.14167982 -0.064654045 -0.08064911 -0.11399465 0.21943374 0.059322786 -0.18905924 -0.060405754 -0.3768579 0.1334696 0.23131277 0.06935388 -0.0714642 0.16667941 0.05710128 -0.5703429 -0.17004853 -0.18843937 -0.4338224 0.0329654 -0.106547266 0.42908955 -0.05530226 -0.22121714 0.5667736
-0.18501233 -0.16192785 0.04383236 0.01694785 -0.006854845 0.010404978 0.10921764 -0.019388627 0.3366776 0.1318498 0.039652385 0.11066448 -0.13381884 -0.12736936 -0.0024962123 -0.025984127 0.10301762 -0.19252938 -0.14372768 -0.09130477 0.14429137 0.03872069 0.04894752 0.27153292 0.023481485 0.039055895 0.12182927 -0.0069554336 0.072786435 -0.116174795 -0.16589768 0.13693583 -0.07762638 0.051641997 0.043727733 -0.009514148 -0.054781772 -0.075935304 0.1866357 0.08718394 -0.09407911 -0.005696459 -0.11716585 0.022206921 -0.21802142 -0.017776828 -0.0686353 -0.1144034 0.044578686 0.052875567
0.0562439 0.96980125 -0.07439397 0.8817148 -0.3950743 -1.313688 -0.09522773 0.3980411 0.2552573 0.10333791 -0.31556693 0.39139587 -0.17867507 -0.62543917 0.10088011 -0.09619833 0.48340777 -0.7941675 -0.3830974 -0.42841217 -0.90847176 -0.13964869 -0.092764586 0.64242196 -0.06950582 -0.5245701 -0.12088704 0.8415494 0.385294 -0.84827805 -0.7980818 1.3985045 0.11925552 0.029781891 -0.15812819 0.44721392 -0.28056255 0.7589276 0.028783496 1.0575532 0.32786077 -1.2730962 0.03829732 -0.6148343 -1.085798 0.35728824 0.59198135 0.27668992 -1.2377764 -0.05997957
0.08279519 -2.3668282 -0.64309955 0.12969321 -0.54564756 -0.3933737 1.9793761 -0.18918574 0.41168103 -0.3989542 -0.48555607 -0.51391107 1.1761569 0.003534978 0.56532717 -1.0043869 -0.53402066 0.8765716 -0.27831766 -0.57021135 -1.327505 0.15414585 0.9156892 -0.7589008 0.042237222 -1.0621955 -0.33722875 0.7901694 0.15972675 -0.27622586 -0.37296245 -0.40699545 -0.82213634 -0.97862816 -0.06841733 0.68340063 0.9885846 1.0860276 -0.14018162 0.6536953 -1.1548696 -0.63878655 1.0363594 0.9289884 -1.133997 -0.503674 1.7448541 -0.55398005 -0.9917577 1.016589
0.972908830310824 -0.900831711361858 -0.52925636601649 0.15963020004456085 0.5600499406141637 -0.5493988456335197 0.981767153618875 -0.5794153045080619 -0.2980218870794036 -0.5144856231950821 -0.2603883179872335 0.8996961929116245 -0.021778037068950207 0.35570035813554735 -0.7893391101142344 0.4443607596440269 0.38819712471150103 -0.8774373928676704 0.6388886225625472 0.05540991656217065 0.605295994395082 0.793493555246813 -0.16768728836453617 0.870755039946437 0.34015325695120713 0.9436535686124785 0.21823133732140665 0.17285041763508735 -0.7305501111541199 -0.12607676524944633 -0.9168138357732742 0.3681759753683713 -0.748697274891017 -0.42046120689941646 -0.5224164514129455 -0.8609881262092027 0.6416855133786463 0.7678872196429933 -0.516640733374939 0.14702394995481338 -0.33135540041824707 -0.7943042768563326 -0.09411417440985015 0.880726030045212 -0.4679240780691343 -0.06570284469288512 -0.8174377116727711 0.5271424354623073 -0.30171983775228495 0.7243845812099539
0.972908830310824 -0.900831711361858 -0.52925636601649 0.15963020004456085 0.5600499406141637 -0.5493988456335197 0.981767153618875 -0.5794153045080619 -0.2980218870794036 -0.5144856231950821 -0.2603883179872335 0.8996961929116245 -0.021778037068950207 0.35570035813554735 -0.7893391101142344 0.4443607596440269 0.38819712471150103 -0.8774373928676704 0.6388886225625472 0.05540991656217065 0.605295994395082 0.793493555246813 -0.16768728836453617 0.870755039946437 0.34015325695120713 0.9436535686124785 0.21823133732140665 0.17285041763508735 -0.7305501111541199 -0.12607676524944633 -0.9168138357732742 0.3681759753683713 -0.748697274891017 -0.42046120689941646 -0.5224164514129455 -0.8609881262092027 0.6416855133786463 0.7678872196429933 -0.516640733374939 0.14702394995481338 -0.33135540041824707 -0.7943042768563326 -0.09411417440985015 0.880726030045212 -0.4679240780691343 -0.06570284469288512 -0.8174377116727711 0.5271424354623073 -0.30171983775228495 0.7243845812099539
